,fuel_x0,fuel_k,moisture_x0,moisture_k,ignitions_x0,ignitions_k,suppression_x0,suppression_k,cM,cP,cD1,cD2
res,2533,0.00113,0.017,9.402,1.1966,2.475,0.1066,0.1,16,0.000257,0.0000035,838
res,2533,0.00113,0.017,9.402,1.1966,2.475,0.1066,0.1,16,0.000257,0.0000035,838
res,2533,0.00113,0.017,9.402,1.1966,2.475,0.1066,0.1,16,0.000257,0.0000035,838
res,2533,0.00113,0.017,9.402,1.1966,2.475,0.1066,0.1,16,0.000257,0.0000035,838
res,2533,0.00113,0.017,9.402,1.1966,2.475,0.1066,0.1,16,0.000257,0.0000035,838
res,2533,0.00113,0.017,9.402,1.1966,2.475,0.1066,0.1,16,0.000257,0.0000035,838
res,2533,0.00113,0.017,9.402,1.1966,2.475,0.1066,0.1,16,0.000257,0.0000035,838
res,2533,0.00113,0.017,9.402,1.1966,2.475,0.1066,0.1,16,0.000257,0.0000035,838
res,2533,0.00113,0.017,9.402,1.1966,2.475,0.1066,0.1,16,0.000257,0.0000035,838
res,2533,0.00113,0.017,9.402,1.1966,2.475,0.1066,0.1,16,0.000257,0.0000035,838
res,2533,0.00113,0.017,9.402,1.1966,2.475,0.1066,0.1,16,0.000257,0.0000035,838
res,2533,0.00113,0.017,9.402,1.1966,2.475,0.1066,0.1,16,0.000257,0.0000035,838
